 1  -640  -640   260   275     1    75 "JdF"
 2   532   580  -321  -321     1    75 "North"
 2   585   586  -321  -321     1    75 "North"
 3   572   579   200   200     1    75 "Offshore"
 3   564   572   220   220     1    75 "Offshore"
 3   556   564   240   240     1    75 "Offshore"
 3   548   556   260   260     1    75 "Offshore"
 3   540   548   281   281     1    75 "Offshore"
 3   532   540   301   301     1    75 "Offshore"
 3   532   532   301   320     1    75 "Offshore"
 3   540   540   281   301     1    75 "Offshore"
 3   548   548   260   281     1    75 "Offshore"
 3   556   556   240   260     1    75 "Offshore"
 3   564   564   220   240     1    75 "Offshore"
 3   572   572   200   220     1    75 "Offshore"
 4   580   634   200   200     1    75 "South Slope"
 5   635   645   200   200     1    75 "South Shelf"
